18699149722
13907156338
15960235129
13811275299
13134200692
15905286477
15166391888
13426340795
13777052804
18842637699
13585809527
18710762611
13071401693
18600212979
15801038880
15898150323
13871312804
13601502598
15902810499
15962326511
15927611578
15225911111
13971018097
18515669090
18657199939
15158832813
13787784476
15026455755
13916438950
15912105927
13904025352
18725101793
13233641000
13991813906
13070111512
15202618777
13888462354
13880336982
13774231238
17778215053
15266360917
13829750529
13947969650
15002166857
18705812304
15905590088
18881111688
15129391786
13578966349
18655399321
13061713716
13908673060
13936518278
13788904696
13817169341
15900748520
13651127682
15705992962
13817797781
13581810808
13706126172
13588355076
18686866517
13608958199
18571710598
15026978068
13911685265
18810596240
13875298031
15995921800
15150165687
13911214662
18811377720
18601115901
15900913796
18500948295
18569510327
18655378063
17729916092
15908239100
13693666016
15102179015
18688641771
13810164537
18601960922
13912098345
18620470591
13639397702
13799411345
15064707269
18701345690
15880276525
15103467688
13801229795
13908658917
13888780171
13810088280
18698664300
15928526500
15805161542
18705290003
18774087804
18636909981
15669017800
18605550155
13611646324
15178399235
15699661567
13766778858
15179592777
13954239889
15908421879
13974906358
18845879791
13518314663
13710608150
18670768651
18842324406
18561625054
13456785667
13922861116
13811808089
15972907538
15170006046
18710575988
13910171270
13728326794
18620885229
15860765362
13476182464
15989149771
18605558360
18919691686
13039051153
15831111057
15110071979
15021435893
18634251888
13296519668
15899871081
13916002449
13207769966
15802508520
15851074461
15061891935
13958210909
18656039860
15951109590
13640512283
18511858620
13611237031
18841150415
13728684567
13651666119
15056962520
13920815999
13516108255
15922658120
13501225856
15051204131
13607699552
18813047780
13161929997
18868821539
17326944089
15062191999
13701906394
13855151652
13432061859
13705697120
18761156222
13520517278
13272677658
18579060529
18622831677
13989108703
18696128167
13838392051
15197177194
18896025387
13995177015
15151870164
13703541579
13971022283
13908373877
13834622092
15846781937
13060372777
13908809853
18616148198
13552729427
13911706034
18751872362
18670029839
18600965600
13871164645
15002882844
15077626357
13840847675
15987131182
13178111723
13977129440
18751729536
15131256191
13509213826
15555521879
13226636496
13068614529
13717652070
15922712758
18521353557
18622516979
13955736092
13910903886
15906182452
18523755230
15910899192
15850691939
15910607827
13182173555
13770602785
18692269288
13207131721
18800172101
13209118778
13982785000
13533809162
13967885357
15261002466
13501789266
18725789714
15066292395
17605812137
13755621898
13955376590
13822207048
17612081592
18611549959
13883900018
18520666627
13758586209
18817566618
13651688118
13511059233
13136317661
13584816665
13723897595
15899925240
13801212088
13918309289
13916933571
18511123560
13426017000
13752148558
13581809553
18762652665
13584368232
15023092308
15101153797
15060034514
18734867300
15810538208
13066036917
15921359668
15262627516
18609663520
18562627979
13629747928
13910043922
18602156767
13277038806
13824845233
13998804737
13069100277
13965065073
15859251333
18600260529
13452771300
13983084339
13808024686
13917755698
13755104732
18611597529
13501559699
13438913843
13568899292
13654904377
18890392623
13801723871
15933765647
18773405958
18643143311
13467690026
15823005006
13810237888
13991836082
13510082598
15594970770
13798730189
13052060175
13922900447
18666987160
13965170755
13013069222
18827445235
15282587569
17830905100
13917569931
13761825286
18622502268
13834528065
13669886665
13601777553
15950562990
13051368777
13459457069
18861627908
13967383327
13213032008
18601708529
13932546555
18502937529
13879915566
13658088252
15807174505
