13109840122
13109867948
13109806623
13134119990
13134118539
13109813583
13134113758
13109846665
13134240100
13134135997
13109823325
13134117779
13109833009
13134265466
13109846111
13134222935
13109833533
13134287988
13109866625
13104159337
13104239966
13104110166
13079875557
13080805999
13079833955
13079421255
13079888853
13079868612
13079857887
13080802147
13079817985
13080869269
13079220185
13081260966
13079447954
13079250651
13080811440
13079826637
13079855877
13079882688
13079898852
13080870146
13079201555
13079281220
13079825844
13080819378
13080744387
13081233033
13079848900
13084155356
13084170625
13084142629
13084121988
13084190091
13084143149
13084184901
13084177015
13084146298
13084140759
13082456070
13082479710
13082445038
13082424999
13081783123
13081779997
13082210007
13074193413
13074136667
13074151238
13074199177
13074180058
13074107569
13074150003
13074199981
13074119909
13074161804
13074163266
13074141266
13074161113
13074185534
13074106668
13074191935
13072431391
13072400333
13066726263
13066608521
13066669663
13066790232
13066665611
13066766111
13066750988
13066622150
13066708477
13066600111
13066559619
13066662388
13066565681
13066582118
13066601233
13066725510
13066513628
13065492775
13065411199
13065454055
13065369666
13065408755
13065360099
13065441111
13065495777
13050286548
13050152500
13050503080
13050056734
13050180191
13050536009
13050530428
13050073716
13050087431
13050275051
13050500236
13050119230
13050005457
13050046335
13050154284
13050018188
13050525551
13050515518
13050520382
13050514783
13050055582
13050501357
13050389099
13050515548
13050000870
13050096060
13050000121
13042452789
13042647140
13042484599
13042451555
13042617778
13042604482
13042486866
13050538398
13050550303
13052760862
13052769668
13050582340
13052723069
13050577037
13050553023
13052679008
13052783156
13052772303
13052708390
13050571687
13052764769
13052725625
13050679058
13052721700
13052783850
13050999991
13052701888
13052755755
13052678887
13052744222
13050556736
13052799266
13050996868
13050546531
13022415168
13050565659
13052745658
13050756000
13052661990
13050599009
13052725262
13050581725
13050585766
13050566560
13050787676
13052720001
13022428863
13022480888
13032499221
13032463052
13032497793
13032451460
13030753757
13030716528
13029466699
13029449739
13029458780
13029296678
13029439986
13029300775
13029401217
13029396697
13029478378
13029433858
13019443333
13019697061
13019645827
13019497151
13019476079
13019464384
13019930446
13020360100
13019459868
13019462933
13019391777
13019409152
13019450702
13019636668
13019496675
13019435559
13019637727
13019663399
13019499929
13019494486
13019494505
13019448167
13019499879
13019649923
13019654733
13019430618
13019995333
13019469011
13019468680
13019410976
13019401222
13019341981
13019386290
13019388257
13019322222
13019377929
13019360387
13009260099
13009497772
13009407776
13009219032
13009432300
13009266588
13009459905
13009368972
13009444026
13009486226
13009499415
13009208844
13009248102
13009217672
13009405959
13009417353
13009437382
13009477327
13009459555
13009410444
13009395929
13009213433
13008245553
13002403337
13002441778
13002447171
13002478488
13002403033
13284111101
13284200111
13284291799
13284263855
13284222266
13284153338
13284228388
13284133991
13274150198
13274196383
13274110888
13274235858
13252917188
13252918307
13252917577
13252767718
13252712717
13252906877
13252881086
13252736391
13252899972
13252998388
13252919967
13252927000
13252983885
13252916115
13252771999
13204227800
13204066356
13204093306
13204037189
13204013123
13204088152
13204117277
13204007390
13204135089
13204125678
13204014938
13243967576
13243933010
13214263150
13214216999
13214201308
13214228302
13214177703
13214288805
13214122344
13214201811
13214227996
13214172670
13238823288
13238055357
13236937315
13238080596
13236936012
13238824799
13238078268
13238195600
13238042862
13236968928
13238899168
13238061888
13238818555
13238057799
13238054444
13238083318
13238081527
13238007787
13238007386
13238241967
13238045999
13238990529
13238019370
13238062999
13238068581
13236916820
13238091606
13236917353
13238077086
13238088375
13236826861
13188629556
13234051861
13234266693
13234086969
13188534666
13188070373
13188008100
13236632532
13236768226
13188066658
13236617711
13236793985
13236721555
13234068096
13234056444
13234039967
13234012098
13234085032
13234055742
13188642332
13236800231
13188380598
13236633546
13188165133
13188056898
13236803993
13188259999
13234022445
13234015503
13224285500
13224211661
13224176956
13224219888
13166638886
13166602803
13166663375
13166696979
13166658227
13166662232
13166727986
13166608669
13166606007
13166669849
13166749799
13166759766
13190186661
13190001938
13190096791
13190168887
13190183660
13190143117
13124105566
13190133955
13190142719
13190124324
13124205515
13190050491
13190080318
13190484855
13190143777
13190116356
13124109458
13190113978
13124271317
13190085509
13190180100
13190080982
13154118113
13154130808
13194281309
13154266777
13194264444
13194136111
13194211164
13194123123
13125405337
13125501133
13125447896
13125699986
13149867777
13147806775
13147834888
13147803640
13149882228
13149885393
13147870088
13147886667
13149896668
13149895857
13147869933
13147888863
13149882266
13149839083
13164579898
13164588881
13164592999
13164562399
13164555666
13164550829
13164567528
13164549132
13164568855
13130035159
13130422223
13130394423
13130043337
13130152811
13130000000
13130268415
13130423777
13130451212
13130034112
13130837558
13130043995
13130151662
13130000903
13130449996
13130034194
13130020999
13130010198
13130068002
13130403999
13130759006
13130309078
13130435577
13130610411
13130433921
13130210110
13130436236
13130457112
13130761621
13130485096
13130301098
13130012888
13130777775
13130320333
13130296136
13130030199
13130028833
13130000541
15542633819
15542330703
15541237418
15542386820
15542333535
15542452777
15542717278
15542458999
15542641555
15542671731
15542508099
15542220876
15542383938
15542283366
15541277771
15542418028
15542563938
15542610212
15542367789
15542245070
15541664000
15542909088
15542721986
15542388097
15541688908
15541599599
15542451015
15542362666
15542775555
15541253123
15542223843
15542413159
15542329888
15541969599
15541504032
15541303208
15541320550
15542407676
15542687725
15542311335
15542576508
15542462777
15542200991
15541314831
15542665776
15541364567
15542949979
15542622111
15542293477
15542678788
15541581758
15542809379
15542630088
15542744411
15542582233
15541239975
15541600865
15542559500
15542669951
15542601088
15542567889
15542561303
15542548856
15542367755
15542685361
15542442222
15541285886
15542401237
15698831551
15698860591
15698861311
15698859991
15698831182
15524821923
15524399466
15524878571
15524817666
15524583908
15524333678
15524676776
15524756977
15524607030
15524301591
15524670001
15524577707
15524553638
15524683035
15524681666
15524290356
15524121326
15524557788
15524693327
15524578376
15524286786
15524117899
15524523628
15524650515
15524793388
15524965205
15524828999
15524550022
15524633083
15524890777
15524823613
15524737778
15524284250
15524673988
15524625188
15524312202
15524297563
15524851888
15524653690
15524850678
15524952997
15524821626
15524336760
15524617225
15524898188
15524637178
15524819708
15524799387
15524342882
15524857876
15524771711
15524581904
15524781999
15524839779
15524859026
15524838722
15524888799
15524628355
15524592999
15524665255
15524593686
15524694817
15524035601
15524071810
15524113595
15524085055
15524106882
15694139423
15694157755
15694118998
15694128800
15694131271
15694128825
15694113013
15694113539
15694138813
15694265027
15694130520
15694237477
15694119902
15640990001
15641171020
15641336877
15640436988
15641258156
15642037277
15641129811
15642703311
15642636878
15641160308
15641108679
15641157882
15641111163
15640928886
15641287788
15640916707
15641155981
15642252575
15642205660
15642739950
15642517070
15640912066
15640215923
15642340316
15641217668
15642319760
15640762277
15640987772
15642305000
15640824606
15640816388
15640818843
15640887808
15640583520
15640841199
15640991185
15640065756
15641113737
15641839521
15640898888
15642529199
15640182011
15640485148
15641399999
15641728625
15642849020
15641144111
15641599708
15641348896
15641221377
15642261220
15640850760
15640800912
15641379000
15641153133
15640875120
15641177326
15640990288
15641199285
15640846666
15640272926
15641102098
15641395053
15640087728
15640336439
15641976139
15642301359
15642238506
15642340110
15640585339
15641498016
15641141456
15640551916
15641186129
15641141177
15640565470
15642197200
15642005200
15641067777
15640182588
15640213277
15641910088
15641172211
15642276133
15640883633
15642319699
15640863188
15641300066
15641201711
15642236506
15640095009
15640597181
15640555023
15641991119
15642392999
15566818616
15566966789
15566906060
15566925985
15566676199
15566882255
15566855905
15566852633
15566676801
15566944395
15566810031
15566920889
15566866862
15566827891
15566930550
15566981118
15566890698
15566883495
15566876688
15566738678
15566918228
15566958456
15566892122
15566878222
15566681155
15566853331
15566835545
15566953063
15566825169
15566849999
15566890521
15566862918
15566886278
15566903934
15566990702
15566953638
15566834553
15541127889
15541111197
15541131187
15541171691
15541100977
15541163673
15541129151
15541151790
15541102192
15541120111
15541193199
15541120911
15541111531
15541212512
15541158295
15541151822
15541134489
15541206100
15541186688
15541144434
15541199809
15509848242
15509855681
15509813139
15509887971
15509843373
15509851398
15604999456
15604947776
15698885488
15698885127
15698883100
15698914888
15698880888
15698956532
15698883118
15698875963
15698930413
15698880067
15698875780
15698880676
15698865333
15698906665
15698864488
15698898123
15698867589
15698887166
15698892882
17624032606
17624035666
17624043816
17624163923
17624042275
15609807155
15609857057
15609884237
15609842676
15609866602
15609867806
15566247791
15566675789
15566307208
15566155656
15566015229
15566664832
15566301521
15566405533
15566553516
15566623708
15566608377
15566668827
15566167303
15566206571
15566659555
15566226161
15566321457
15566269299
15566116116
15566666091
15566144272
15668688070
15668684828
15668659268
15668612135
15668673516
15668605665
15668689482
15668685166
15668576511
15668675500
17696675898
17696663725
17696661023
17696629316
17696644272
17614039229
17614060169
17615196019
17615186688
17615157085
17614021372
17614124414
17614282941
17614148585
17614177441
17614261000
17615195525
17615191309
17614240048
17615130001
17614065089
17615191785
17614141742
17615047364
17615183748
17615165000
15502471710
15502460406
15502635859
15502451008
15502406115
15604031555
15604289525
15604090011
15604155128
15604256339
15604075671
15604113090
15604087775
15604251999
15504118348
15504960715
15504937672
15504041413
15504080666
15504113963
15504266260
15504157771
15504948465
15504110688
15504078718
15504125538
15504269993
15504955158
15504283088
15504114616
15504196102
15504053366
15504085692
15504941997
15504945838
15504120323
15504086829
15504205725
17512427888
17084177111
16604115878
16604119930
16604112444
15640024555
15640049892
15640016230
15640021221
18602422789
18602411381
18602450552
18602441977
18602454648
18602401526
18602460128
18602414155
18602412096
18602403660
18602442926
18602410760
18602425582
18602422982
18602417569
18602448792
18602436431
17609809980
17542106478
17640687811
17640197305
17642195441
17642121777
17640623880
17640275888
17640243111
17640404441
17640696249
17640370914
17641163177
17640625565
17640121606
17640121992
17642029473
17640663266
17640107615
17640270259
17640046486
17640308109
17642092910
17640380528
17640403553
17642053131
17640159860
17604130055
17604083354
17604235567
17604132789
17604215111
17604119805
17604095237
16604126787
17074037173
16604189887
17602492349
17602460555
17602460176
17602418283
17602491188
17504260779
18604920097
18604925658
18604942713
18604975138
18604949995
18604921003
18604945689
18604910987
18604915499
18512463536
18512488588
18512459238
18604111598
18604111991
18604023232
18604132550
18604120863
18604034406
18604121715
18604087373
18604123975
18604192010
18604138487
18604191701
18604175350
18604051415
18604111523
18604006365
18604032693
18604028071
18604079259
18604028906
18604081973
18604057567
18604190697
18604036006
18604138788
18604150311
18604116919
18604019615
18604117282
18604172219
18604040958
18604146119
18604124344
18604067588
18604019347
18604091898
18604173311
18604086368
18604042987
18604055083
18604281801
18604263216
18604133838
18604099955
18604236664
18604076705
18604236669
18604017732
18604118963
18604140707
18604035635
18604173211
18604037773
18604150353
18604097271
18604045677
18604056567
18604135876
18604082212
18604081511
17612470131
17612425387
17171908666
17192526777
17154029999
17172591066
17172565444
18525485817
18525328175
18524515999
18524505550
18524401786
18524424351
18524225555
18524464978
18525347769
18524110929
18524460520
18525350347
18524128663
18525529591
18525365279
18524065285
18525414257
18525462062
18524567799
18525556500
18524454593
18525516056
18524462888
18524006410
18524005048
18524117767
18524418715
18524930514
18524110214
18525335853
18525303958
18524115679
18525320876
18524414707
18525493333
18524796881
18540185272
18540139989
18540032627
18540355575
18541231988
18540138699
18540274226
18540132891
18502416252
18502434661
18502417959
18502419399
18502432566
18502465915
18602470668
18602465521
18602498853
18602499789
18602492011
18602468448
18602485200
18602495373
18602482975
18525575607
18525639721
18525765686
18525730327
18609867987
18609896266
18609801819
18609834399
18609846399
18609808392
18609869030
18609809803
18609854697
18609846868
18609880745
18609841856
18609865005
18609889932
18609836535
18609851312
18609837630
18609887060
18609857125
18698895785
18698729486
18698725966
18698690186
18698722212
18698739796
18698665618
18698696857
18698879087
18698711577
18698715829
18698725627
18698858858
18698663332
18698713088
18698883422
18698696660
18698895765
18698671139
18698698978
18698690972
18698681051
18698880022
18698888668
18698678318
18698701696
18698899027
18698700007
18698882830
18698813639
18698738421
18698698381
18698996886
18698862288
18698892636
18698928810
18698830370
18698711813
18698673933
18698760180
18698862058
18698862332
18698999183
18698840782
18698854450
18698678939
18698828945
18698666880
18698885401
18698686318
18698712231
18698905050
18698711700
18698833749
18698701986
18698719155
18698702838
18698663947
18642668533
18642880397
18642372225
18642697999
18642817580
18642878878
18642352071
18642665789
18642387797
18642273356
18642647965
18642835556
18642235313
18642608715
18642305588
18642220900
18642928706
18642671310
18642972989
18642616461
18642643922
18642620725
18642687665
18642609011
18642256488
18642669688
18642239687
18642886111
18642677778
18642866529
18642245471
18642368917
18642220606
18642649560
18642861065
18642996856
18642313470
18642862678
18642819133
18642233919
18642318801
18642810838
18642608883
18642883100
18642866188
18642780019
18642650932
18642885885
18642695377
18642873786
18642213339
18642719731
18642635311
18642668186
18642972783
18642666680
18642817246
18642322120
18642562277
18642300531
18642821756
18642888805
18642855200
18642821352
18642668506
18642258588
18642294720
18642669526
18642397775
18642307288
18642616677
18642826776
18642650809
18642258337
18642842225
18642269997
18642288786
18642248018
18642263922
18642212215
18624333351
18624341888
18624287473
18624372765
18624362690
18624270808
18624323437
18624358188
18624263297
18624411148
18624320852
18624423088
18624388396
18624322755
18624125686
18624065056
18624376547
18624624620
18624367962
18624052677
18624380520
18624306332
18624346988
18624288490
18624366469
18624278608
18624440643
18624409958
18624362135
18624443288
18624321066
18624385880
18624053677
18624264199
18624398156
18624321751
18624356915
18624446535
18624355666
18624612782
18624082966
18624394903
18624049511
18624237788
18624065038
18624373360
18504189820
18504139500
18504235008
18504231843
18504288628
18504116500
18504237886
18504250557
18504201858
18504294312
18504199311
18504251020
18698616255
18698660218
18698652688
18698650786
18698639886
18698617399
18698603319
18698607117
18698659885
18698646215
18698627898
18698627419
18698655856
18698210920
18698622276
18698636262
18698268263
18698655215
18698653565
18698637788
18698213789
18698611828
18640860909
18640788483
18640851520
18640955892
18640866681
18640551357
18640400712
18640545091
18640833541
18640969880
18640880229
18640543290
18640766105
18640860290
18640980708
18640923959
18640445030
18640919136
18640827271
18641103717
18640880757
18640809925
18640436465
18640851186
18641101418
18640958786
18640957333
18641107590
18640849669
18640901011
18640903681
18640368692
18640535548
18640516566
18640773828
18640630999
18640899411
18640543551
18640377550
18641108217
18640960808
18640834193
18640935959
18640965816
18640500545
18641110258
18640551068
18640959099
18640425967
18641105345
18641105107
18641100298
18640918864
18640860597
18641113130
18640433135
18640845322
18640593200
18640842850
18640954642
18640908028
18640817316
18640442129
18640888651
18640964150
18640496050
18640938101
18640930442
18640866877
18640496905
18640396251
18640593158
18640872113
18640457971
18640756987
18640861586
18640543538
18640627739
18640931045
18640998800
18640871690
18640762292
18640935762
18640750238
18640912868
18640825311
18640864883
18641105658
18641113798
18640827060
18641109626
18640866258
18640808887
18641111307
18640403215
18640386115
18640464847
18641105387
18640916160
18640261155
18640334297
18640338133
18640135199
18640249449
18640331101
18640008983
18640275423
18640188527
18640237860
18640156662
18640366807
18640011999
18640353000
18640318649
18640047460
18640212458
18640084002
18640167062
18640088203
18640197163
18640144746
18640317779
18640222838
18640052113
18640026628
18640166276
18640228165
18640031381
18640101565
18640258988
18640073785
18640316036
18640139919
18640138705
18640103188
18640150366
18640180612
18640042253
18640286089
18640318681
18640088247
18640307078
18640107123
18640128689
18640141413
18640325368
18640348621
18640262667
18640289696
18640043445
18640019182
18640098033
18640255966
18640316807
18640180117
18640316882
18641977773
18641295528
18642089296
18642069225
18641389506
18641383124
18641224668
18641506616
18641185474
18641145373
18641338599
18641565229
18642210666
18641240903
18642070318
18641191088
18642019736
18641179995
18641788583
18641255317
18642071088
18641352885
18641373747
18641313767
18641128883
18641126503
18641121173
18641690100
18641289990
18641155279
18641118009
18641277415
18641114205
18641119736
18641168814
18641921083
18641334137
18641315678
18641175866
18641381083
18642105969
18641774458
18641729409
18641120900
18641565556
18641116231
18641781096
18641163511
18641113883
18641465556
18641352227
18641336306
18641558068
18642151333
18641237981
18642006000
18641171255
18641127015
18641131913
18641122632
18641348990
18642055388
18641375397
18641186766
18641162337
18641292055
18641222732
18642195988
18642207333
18641949053
18641795111
18641973022
18641166920
18641976777
18641184185
18641895577
18641255591
18642004286
18641336088
18642014088
18641381722
18641756884
18641798846
18641179501
18641195139
18641119536
18641978965
18641186543
18641163203
18641510011
18641555565
18641311846
18641345056
18641733099
18642098581
18641171977
18641350926
18641183715
18641183838
18641820821
18624024008
18624023827
18624046840
18624019219
18624006596
18624033261
18624020190
18624014595
18624008886
15166912616
15166873266
15166863062
15166917077
15166873498
15166892456
15166850576
15166877615
15166900926
15166912220
15166860101
15166862642
15166935780
15166962921
15166859273
15166925589
15166958821
15166986818
15166935825
15166870788
15166873777
15166986766
15166875188
15166961686
15166903690
15166856002
15166967667
15166918383
15166886500
15166980827
15166935216
15166931777
15166878567
15166875699
15166945086
15166881296
15166880488
15166941208
15166896030
15166977768
15166925366
15166958205
15166900101
15166851008
15166850798
15166980017
15166912934
15166875616
15166894532
15166852300
15166969101
15166885558
15166969988
15166882850
15166883377
15166875090
15166980008
15166935356
15166894678
15166986456
15166895009
15166878869
15166851589
15166888837
15166969877
15166958100
15166937097
15166908606
15166881999
15166887745
15166887588
15166855631
15166885619
15166873242
15166969922
15166860855
15166889935
15166887756
15166886666
15166976086
15166888446
15166865986
15166935897
15166849639
15166873249
15166977855
15166852409
15166962186
15166920422
15166872385
15166908706
15166886555
15166849485
15166969260
15166935889
15166880608
15166873910
15166909999
15166980731
15166893883
15065923777
15065778899
15065779348
15065774056
15065774455
15065785616
15065757699
15065926099
15065916568
15065931027
15065875516
15065906022
15065779907
15065793199
15065965898
15065770018
15065756757
15065793509
15065972215
15065972333
15065953825
15065926361
15065785568
15065761032
15065759593
15065766288
15065767497
15065753806
15065771997
15065921699
15065806066
15065791958
15065759771
15065779123
15065974789
15065959718
15065916306
15065907530
15065877199
15065778959
15065793456
15065799824
15065798903
15065753821
15065900188
15065967963
15065761619
15065773270
15065749607
15065789505
15065775616
15065791413
15065793316
15065767433
15065789737
15065923456
15065922122
15065784968
15065788884
15065959859
15065800778
15065759282
15065746087
15065778744
15065741072
15065756798
15065900126
15065784958
15065756950
15065740937
15065966812
15065806988
15065932444
15065752783
15065773105
15065907968
15065797211
15065753118
15065971596
15065818877
15065817788
15065914446
15065916107
15065789038
15065964267
15065752376
15065741777
15065955399
15065753223
15065797566
15065737777
15065838000
15065808827
15065885505
15065789665
15065959866
15065798818
15065798817
15065793885
15066648244
15066751621
15066777795
15066668114
15066693483
15066618181
15066613289
15066765732
15066613568
15066661446
15066631826
15066667137
15066630613
15066625018
15066778998
15066751638
15066619410
15066636550
15066619023
15066755716
15066766496
15066612345
15066769525
15066698880
15066644461
15066755363
15066619969
15066669020
15066618199
15066620676
15066691853
15066770549
15066738231
15066683166
15066755252
15066618988
15066625676
15066778813
15066618866
15066618500
15066776477
15066765227
15066699990
15066763326
15066667759
15066631568
15066631600
15066767769
15066778287
15066625222
15066630766
15066631976
15066619867
15066619349
15066618013
15066777080
15066769972
15066743364
15066628960
15066755198
15066626666
15066666487
15066755511
15066705577
15066755633
15066622229
15066625739
15066767663
15066657930
15066655231
15066660821
15066639629
15066630099
15066779155
15066630131
15066779310
15066619127
15066688880
15066630305
15066631998
15066751926
15066630028
15066631990
15066688807
15066631359
15066762958
15066769913
15066686234
15066619636
15066620347
15066751138
15066619079
15066622006
15066692234
15066676398
15066751936
15066630675
15066631249
15066639889
15066632696
15154338708
15154339995
15154359989
15154310159
15154391333
15154419191
15154207333
15154208267
15154368601
15154329035
15154383322
15154308099
15154190444
15154316529
15154500959
15154328986
15154504119
15154328348
15154489996
15154500279
15154395944
15154321958
15154237818
15154470001
15154358085
15154366817
15154378111
15154486136
15154500765
15154186891
15154352107
15154372533
15154311666
15154350606
15154512509
15154388666
15154389808
15154398199
15154435222
15154355353
15154329367
15154500092
15154345707
15154368811
15154478425
15154514863
15154348388
15154513016
15154347174
15154368252
15154313108
15154377123
15154500869
15154328555
15154500589
15154227767
15154318236
15154359700
15154507416
15154500222
15154504266
15154285175
15154368125
15154393282
15154389181
15154481663
15154332775
15154500991
15154181287
15154313613
15154389066
15154368801
15154366588
15154383619
15154309990
15154513119
15154368196
15154268985
15154416216
15154378277
15154506824
15154372579
15154500689
15154502224
15154186056
15154480006
15154500167
15154342988
15154369726
15154341930
15154458301
15154386617
15154309127
15154369395
15154259191
15154385000
15154487556
15154358021
15154389169
15065329115
15065097180
15065198761
15065278909
15065125121
15065268677
15065239454
15065395166
15065294011
15065110721
15065012086
15065119121
15065351808
15065181086
15065259558
15065202901
15065281000
15065153808
15065229940
15065354190
15065233456
15065181678
15065218196
15065229919
15065080456
15065179840
15065178993
15065007207
15065131666
15065241116
15065249307
15064982888
15065191119
15065299882
15065258887
15065107329
15065076989
15065351621
15065399236
15065074444
15065133458
15065212630
15065239288
15065156855
15065296878
15065035705
15065152001
15065287771
15065351335
15065076699
15065268515
15065228368
15065203400
15065416576
15065278388
15065193798
15065294969
15065358001
15065102989
15065269311
15065228813
15065095514
15065212905
15065218277
15064997379
15065350506
15065121947
15065289852
15065352765
15065251825
15065219920
15065185832
15065209166
15065222245
15065222244
15065289218
15065194666
15065239916
15064992525
15065360386
15065237623
15065032968
15065385555
15065067383
15065193161
15065142259
15065413300
15065053423
15065185388
15065002186
15065298580
15065209830
15065228115
15065419659
15065190056
15065316899
15065316538
15065456248
15065105628
15065268090
15065715618
15065706349
15065726572
15065588266
15065456406
15065526666
15065720875
15065701613
15065710271
15065495777
15065711766
15065553585
15065606522
15065512166
15065600266
15065720995
15065711000
15065677766
15065706611
15065730203
15065703590
15065730686
15065632588
15065724687
15065556066
15065473758
15065637597
15065661980
15065515924
15065497573
15065453997
15065702886
15065703577
15065722910
15065718812
15065685663
15065553000
15065701678
15065702769
15065640514
15065628698
15065453088
15065532277
15065452155
15065518881
15065458493
15065561834
15065722094
15065445188
15065722646
15065588518
15065635152
15065686862
15065632440
15065711193
15065496663
15065701817
15065532620
15065588189
15065453331
15065456684
15065701096
15065445799
15065523510
15065520001
15065736581
15065722610
15065438080
15065711061
15065659196
15065720609
15065598706
15065630801
15065570533
15065736866
15065706780
15065695199
15065678620
15065666715
15065572277
15065623629
15065513302
15065438333
15065671390
15065711037
15065453675
15065637823
15065500599
15065585858
15065526000
15065615856
15065730063
15065703803
15065715988
15065596348
15065701582
15065608651
15065455509
15053728089
15065702431
15053936606
15053670687
15053956559
15053657528
15053852667
15053711013
15053955868
15053680648
15053938113
15053817323
15053900319
15053967678
15053664441
15053727666
15053755558
15053938910
15053909517
15053918111
15053970296
15053938001
15053911982
15053703366
15053953308
15053813988
15053913366
15053649400
15053917171
15053903688
15053930927
15053815522
15053901829
15053936518
15053800034
15053781434
15053907000
15053956006
15053936995
15053909269
15053707070
15053959002
15053664131
15053930666
15053935318
15053653642
15053894468
15053937179
15053913300
15053935795
15053936886
15053963716
15053900510
15053962866
15053945624
15053962622
15053661496
15053866214
15053920628
15053949666
15053859523
15053917598
15053728553
15053699739
15053960166
15053929296
15053665447
15053926066
15053922778
15053847271
15053811678
15053941257
15053738506
15053925925
15053764519
15053729631
15053900988
15053762262
15053878699
15053962966
15053754002
15053901345
15053819529
15053819769
15053900011
15053651008
15053672369
15053855186
15053653676
15053916669
15053785036
15053896611
15053722496
15053961232
15053657077
15053960303
15053907563
15053929111
15053917088
15053832750
15053949876
15066270178
15066123176
15066038443
15066127093
15066213113
15065979813
15065975578
15066388185
15066268773
15066328128
15065999927
15066300099
15066336146
15065989444
15066272239
15065979020
15065978798
15066225686
15065976133
15066386270
15066158635
15065993310
15066386838
15066306882
15066110377
15066039998
15066314999
15066146575
15066279681
15066112866
15066105464
15065988012
15066288143
15066040980
15066385731
15066108181
15065988810
15066296166
15066350988
15066107652
15066336719
15066223075
15066109713
15066335222
15066034592
15066357777
15066082156
15066387571
15066105207
15065999600
15066278090
15066196536
15066112881
15066304377
15066171132
15066283689
15066075870
15065991600
15065982456
15066384106
15066169459
15066316767
15065978873
15066147732
15066291623
15066369656
15066376317
15065976219
15066248198
15066007636
15066384578
15065987512
15066386358
15066386878
15066388883
15066330076
15066101068
15066328909
15066152136
15066366558
15066159598
15065987881
15066336000
15066123678
15066383357
15066182191
15066330899
15065991111
15066330532
15065999196
15065998660
15065975302
15066006123
15065987256
15066177208
15065982002
13969080101
15066388757
13969081167
15066252678
13969116801
15065989958
13969068241
13969113273
13969071592
13969002782
13969032066
13969025384
13969070941
13969000356
13969049504
13969082819
13969092525
13969093459
13969020195
13969033777
13969055688
13969078568
13969117501
13969023338
13969018661
13969062548
13969014467
13969065655
13969007483
13969084337
13969120816
13969105277
13969099300
13969058867
13969063929
13969100274
13969107051
13969061086
13969081753
13969036109
13969015010
13969021899
13969067338
13969085967
13969080551
13969008797
13969050089
13969075010
13969109377
13969052275
13969081808
13969024616
13969119976
13969010979
13969011305
13969042223
13969007575
13969061766
13969109088
13969096241
13969005706
13969097325
13969059211
13969022727
13964510618
13964289670
13964526110
13964479828
13964313021
13964268515
13964342111
13964216315
13964475460
13964303868
13964499097
13964508780
13964517087
13964290386
13964526878
13964325352
13964526998
13964275328
13964281287
13964488530
13964490333
13964517939
13964503089
13964408733
13964497400
13964520425
13964215335
13964503128
13964502158
13964418777
13964418138
13964476977
13964251626
13964513300
13964288888
13964513141
13964510790
13964362095
13964261858
13964501618
13964503993
13964508871
13964509686
13964376395
13964480263
13964377647
13964216126
13964352105
13964523997
13964338555
13964308187
13964416498
13964280526
13964526672
13964508188
13964498008
13964512317
13964273856
13964511349
13964379091
13964235019
13964517567
13964259970
13964519906
13964517444
13964528217
13964352479
13964417996
13964508693
13964338051
15054951531
13964237202
13964448623
15054695677
13964514066
15054649065
13964502115
13964377864
13964484485
15054713543
13964519190
13964250018
13964443855
15054957361
13964505173
13964455899
13964325210
15054750775
13964262117
15054954532
13964275783
15054803333
13964237256
13964338249
15054996652
13964523942
13964226651
13964503159
13964528831
15054927957
13964520165
13964423029
13964302969
13964301515
13964295667
13964296119
13964421122
13964486444
15054900032
13964379981
15054635518
15054646174
15054989287
13964516075
15054946999
15054969399
15054912346
15054909090
15054665018
15054916663
15054955631
15054952000
15054955111
15054915492
15054906986
15054706000
15054964895
15054793128
15054922691
15054988566
15054968855
15054967086
15054927576
15054977795
15054923538
15054987123
15054656508
15054998999
15054992013
15054995888
15054826855
15054631234
15054967698
15054949300
15054646777
15054914967
15054665299
15054844897
15054918765
15054666301
15054917470
15054953415
15054992068
15054905617
15054844411
15054815674
15054911460
15054933772
15054975971
15054965777
15054946973
15054669396
13963802732
13963707093
13963755092
13963708580
13963813189
13963825392
13963811569
13963756695
13963836606
13963696183
13963755485
13963812533
13963830509
13963808792
13963836689
13963808398
13963811567
13963710010
13963808710
13963811969
13963699869
13963768326
13963693763
13963830990
13963818900
13963811032
13963802561
13963833909
13963718666
13963826777
13963802687
13963720151
13963692205
13963818013
13963698829
13963731910
13963819103
13963839698
13963843188
13963808699
13963691508
13963816983
13963837201
13963761436
13963839107
13963816628
13963805051
13963721935
13963842000
13963828336
13963833127
13963805059
13963830014
13963844258
13963844658
13963699892
13963837977
13963829677
13963806968
13963811006
13963840605
13963698859
13963806969
13963821444
13963812166
13963816001
13963815678
13963696392
13963825360
13963838958
13963842065
13963839529
13963821681
13963831801
13963801310
13963826868
13963826748
13963846655
13963811660
13963757888
13963810570
13963783831
13963720918
13963831810
13963760023
13963690736
13963786896
13963823405
13963729974
13963790191
13963811377
13963816267
13963762448
13963758989
13963843139
13963826592
13963808480
13963830699
13963836436
13963812508
13906402525
13906481998
13906405999
13906386273
13906388296
13906396225
13906417617
13906456744
13906451843
13906499822
13906490333
13906385579
13906499823
13906386308
13906499308
13906418302
13906450518
13906490590
13906383690
13906458375
13906415565
13906412334
13906451578
13906495479
13906384658
13906490741
13906387649
13906493335
13906498366
13906498885
13906456168
13906464618
13906395998
13906435645
13906416942
13906469993
13906385037
13906450736
13906465678
13906458471
13906451683
13906465322
13906499339
13906444980
13906499338
13906494445
13906385170
13906385840
13906451798
13906386413
13906384233
13906493770
13906465920
13906395857
13906455457
13906394253
13906468083
13906490776
13906383636
13906412244
13906468085
13906498898
13906386108
13906385899
13906389735
13906496373
13906429578
13906462300
13906499523
13906450845
13906437634
13906490667
13906450288
13906490789
13906387209
13906385707
13906393208
13906499256
13906395037
13906407112
13906430309
13906493822
13906498717
13906494996
13906494876
13906498055
13906455283
13906488998
13906386460
13906402633
13906409789
13906456649
13906398166
13906483592
13906490685
13906494009
13906498329
13906401936
13906385529
13906386336
13954569309
13954889378
13954568616
13954564379
13954573488
13954598526
13954763518
13954562905
13954618899
13954598761
13954568566
13954790399
13954562222
13954563673
13954814928
13954581662
13954580610
13954571606
13954591616
13954748888
13954889365
13954598098
13954598531
13954767688
13954562571
13954566771
13954584626
13954567860
13954853197
13954566656
13954645660
13954563268
13954593338
13954690624
13954597410
13954571561
13954568545
13954888619
13954859962
13954839273
13954567977
13954598878
13954567976
13954834388
13954855007
13954595006
13954878008
13954598992
13954568898
13954808321
13954563363
13954880001
13954833183
13954588489
13954870978
13954897598
13954580913
13954561859
13954599896
13954566983
13954568885
13954566863
13954697058
13954598578
13954572466
13954599949
13954579892
13954818086
13954687766
13954563745
13954562012
13954565005
13954712664
13954591906
13954599911
13954669177
13954598669
13954835308
13954668577
13954700859
13954878555
13954848365
13954685018
13954565994
13954768992
13954585406
13954595959
13954668186
13954850555
13954598678
13954571596
13954571233
13954756252
13954658669
13954568580
13954897127
13954585519
13954567251
13954739230
13905341331
13905341451
13905347278
13905343990
13905344321
13905342660
13905348761
13905346583
13905343505
13905342818
13905347705
13905341602
13905341568
13905341569
13905344278
13905349205
13905343101
13905348116
13905341165
13905345887
13905346216
13905345365
13905347381
13905346170
13905342090
13905341830
13905343454
13905343058
13905341674
13905341310
13905343852
13905341151
13905345233
13905341395
13905342121
13905341392
13905342362
13905346560
13905341827
13905343605
13905347806
13905344498
13905343442
13905344532
13905343200
13905344016
13905343564
13905348219
13905342114
13905344373
13905343681
13905347915
13905342869
13905344249
13905343436
13905342585
13905343833
13905343278
13905342189
13905344005
13905341770
13905346782
13905349533
13905343830
13905343550
13905343034
13905343790
13905343672
13905343949
13905342736
13905346658
13905341128
13905342976
13905346937
13905342210
13905344598
13905349368
13905346932
13905349526
13905345044
13905343810
13905344109
13905343255
13905341595
13905344466
13905342287
13905343097
13905349877
13905349756
13905342835
13905345306
13905349233
13905347969
13905344058
13905342793
13905346077
13905341219
13905349580
13905343756
13905343119
13953970757
13953989361
13953966387
13953971563
13953971321
13953972017
13953962869
13953988796
13953980313
13953964003
13953985167
13953962225
13953972805
13953967880
13953988781
13953987170
13953968698
13953968293
13953981110
13953978181
13953960333
13953987336
13953987287
13953969797
13953977920
13953975506
13953983409
13953961956
13953960865
13953961832
13953969679
13953959072
13953960100
13953967258
13953961159
13953988015
13953989291
13953966291
13953973277
13953962531
13953977999
13953970677
13953966066
13953962780
13953988352
13953978835
13953989160
13953988916
13953988070
13953972291
13953975320
13953970707
13953956957
13953959018
13953961183
13953976806
13953966993
13953969589
13953972323
13953977456
13953989392
13953988906
13953974987
13953960012
13953977050
13953967606
13953960533
13953977606
13953956844
13953970258
13953957811
13953978656
13953963096
13953971188
13953986839
13953973003
13953987407
13953968788
13953988731
13953961232
13953972829
13953985463
13953982199
13953967978
13953977839
13953971459
13953969126
13953977715
13953976223
13953988607
13953986829
13953980169
13953983317
13953988687
13953965446
13953981530
13953988566
13953960159
13953957663
13953958992
13869040775
13869079375
13869066459
13869060111
13869009639
13869049970
13869005315
13869055215
13869030199
13869049609
13869063579
13869040832
13869034444
13869020955
13869016075
13869050428
13869075444
13869066577
13869030497
13869009492
13869079335
13869011877
13869028861
13869005757
13869066665
13869023599
13869066803
13869028880
13869077652
13869056966
13869001613
13869017882
13869046769
13869061343
13869057252
13869074156
13869074032
13869017875
13863855883
13863819981
13863833351
13863842859
13863830080
13863866373
13863839571
13863862578
13863861363
13863825578
13863836746
13863857824
13863856857
13863819696
13863858106
13863837565
13863866082
13863819617
13863868662
13863840663
13863846521
13863845157
13863827521
13863826558
13863837726
13863830656
13863837725
13863825186
13863822071
13863859836
13863830067
13863837899
13863838468
13863842238
13863822600
13863824503
13863840056
13863860331
13863861788
13863848452
13863869012
13863831717
13863850890
13863825677
13863857965
13863830351
13863831555
13863838590
13863839160
13863819714
13863866028
13863836856
13863823386
13863868727
13863859856
13863830597
13863836146
13863836388
13863819662
13863853666
13863836667
13863857222
13863865124
13863836543
13863826629
13863860636
13863852685
13863830210
13863858388
13863865353
13863823000
13863845111
13863866329
13863835986
13863857219
13863830213
13863825384
13863856950
13863835555
13863846919
13863851705
13863837290
13863842677
13863819928
13863836086
13863825990
13863842390
13863861625
13863837978
13863852345
13863836018
13863856021
13863839526
13863838391
13863835160
13863836819
13863855979
13863858607
13863856667
13863830156
13863817841
13863650967
13863815827
13863694999
13863806392
13863668126
13863688358
13863766328
13863802506
13863669588
13863678786
13863656315
13863673013
13863673893
13863815538
13863695555
13863751906
13863802466
13863805852
13863687530
13863665821
13863818592
13863812379
13863666120
13863675786
13863761882
13863678812
13863675267
13863778515
13863752668
13863656168
13863669997
13863688339
13863801882
13863752307
13863804994
13863811153
13863691606
13863812366
13863802205
13863765972
13863650595
13863649238
13863676620
13863786556
13863678921
13863678008
13863756731
13863658190
13863797609
13863752377
13863805798
13863801599
13863810466
13863805557
13863804586
13863801199
13863801622
13863815745
13863678512
13863671169
13863655139
13863691963
13863691567
13863666028
13863666389
13863811826
13863691689
13863756271
13863805939
13863650899
13863681752
13863755189
13863818722
13863677813
13863818961
13863801294
13863812184
13863815617
13863806062
13863686768
13863693216
13863651877
13863665068
13863808005
13863812211
13863697633
13863815605
13863655035
13863656001
13863658389
13863802012
13863818825
13863697885
13863695050
13863772745
13863809037
13863678321
13863660992
13863806566
13853073368
13853143151
13853073089
13853000928
13853010446
13853163823
13853004444
13853000777
13853096064
13853009176
13853103057
13853100221
13853003902
13853031770
13853105086
13853110766
13853112943
13853142231
13853105769
13853065468
13853005086
13853049855
13853027666
13853022099
13853070935
13853060171
13853116936
13853052222
13853039588
13853146960
13853128111
13853010387
13853062899
13853088629
13853009038
13853051528
13853104764
13853070426
13853147891
13853113779
13853164166
13853093669
13853001666
13853008730
13853081178
13853027362
13853019904
13853058588
13853076031
13853166296
13853145539
13853111264
13853018883
13853160628
13853075999
13853016067
13853117913
13853020825
13853058855
13853050609
13853121338
13853067722
13853016618
13853028555
13853057158
13853108084
13853059699
13853081917
13853052027
13853002567
13853010105
13853089765
13853005676
13853161536
13853015634
13853009993
13853121365
13853127349
13853111956
13853038100
13853136859
13853133222
13853108376
13853109222
13853005141
13853079291
13853044505
13853127579
13853100257
13853103936
13869976668
13869988085
13869978567
13869971252
13869983875
13869986628
13869965266
13869980761
13869988003
13869991913
13869991014
13869992342
13869975560
13869991772
13869968308
13869999259
13869967573
13869963896
13869976809
13869996268
13869977500
13869985362
13869966649
13869988756
13869991985
13869978303
13869978829
13869986162
13869998252
13869980060
13869980062
13869979223
13869995956
13869990662
13869969771
13869999755
13869976477
13869996363
13869969777
13869996088
13869989829
13869963393
13869990659
13869978128
13869989668
13869970805
13869970881
13869996698
13869971218
13869987909
13869995123
13869999686
13869970087
13869988166
13869987636
13869990503
13869964655
13869985178
13869999977
13869998008
13869971966
13869993592
13869971283
13869999851
13869997150
13869973619
13869990519
13869988711
13869990853
13869989592
13869991389
13869992351
13869997085
13869990729
13869987613
13869989235
13869981594
13869975909
13869982040
13869990345
13869980921
13869971263
13869980770
13869967712
13869986235
13869989866
13869089969
13869095681
13869168180
13869195933
13869228857
13869168738
13869202915
13869208509
13869221778
13869147702
13869197045
13869133038
13869102552
13869124948
13869116099
13869145808
13869163563
13869182632
13869164654
13869227191
13869230241
13869211129
13869198388
13869093888
13869163625
13869187658
13869202621
13869180222
13869203676
13869202860
13869207116
13869205298
13869095976
13869168360
13869135399
13869085118
13869190037
13869200213
13869096783
13869135317
13869169568
13869168999
13869208858
13869222915
13869146966
13869087266
13869202111
13869167264
13869130896
13869207088
13869170979
13869138996
13869123395
13869206888
13869080163
13869202681
13869207299
13869104658
13869152997
13869194535
13869153289
13869148716
13869108182
13869161218
13869140322
13869085618
13869187333
13869168778
13869160921
13869208555
13869116171
13869198222
13869230166
13869130912
13869193333
13869133287
13869187220
13869220670
13869219321
13869183775
13869081621
13869221118
13869221998
13869180547
13869198354
13869191445
13869081239
13869226922
13869160300
13869095803
13869095529
13869208779
13869166777
13869230189
13869230068
13869208810
13869208899
13869214812
13869202030
13869085283
13969603127
13969510358
13969552877
13969607567
13969570569
13969527221
13969506667
13969628080
13969577521
13969528675
13969548099
13969510009
13969511458
13969561199
13969518928
13969586975
13969516222
13969522229
13969560778
13969531057
13969612221
13969557801
13969589799
13969577939
13969586566
13969570196
13969559336
13969508829
13969575369
13969574952
13969501077
13969528259
13969511939
13969523120
13969615406
13969606008
13969601592
13969540796
13969561772
13969589024
13969516168
13969578123
13969550873
13969509862
13969599188
13969508537
13969535717
13969590916
13969511883
13969590518
13969521566
13969538388
13969555793
13969524318
13969599972
13969504722
13969581766
13969616596
13969564090
13969504288
13969613088
13969595091
13969579106
13969595998
13969590986
13969631858
13969545988
13969615257
13969520913
13969578023
13969559187
13969574466
13969576888
13969501286
13969531139
13969506210
13969508755
13969503222
13969625876
13969550558
13969600119
13969508067
13969603989
13969573659
13969511066
13969596601
13969555217
13969594381
13969555717
13969568520
13969537907
13969537866
13969536775
13969625885
13969628875
13969571012
13969546608
13969506953
13969568080
15005341827
13969530667
15005300510
15005341672
15005341711
15005341791
15005340106
15005312955
15005314175
15005318379
15005308808
15005340399
15005341000
15005341897
15005341106
15005341988
15005302171
15005307626
15005341990
15005322321
15005341077
15005340029
15005319669
15005322677
15005300689
15005300692
15005305066
15005306566
13863573972
13863595460
13863558110
13863603263
13863602695
13863588661
13863580660
13863565045
13863566089
13863588148
13863621118
13863584583
13863645828
13863616686
13863578698
13863578577
13863598861
13863555251
13863575988
13863648883
13863599839
13863602168
13863624633
13863588658
13863568890
13863618078
13863615006
13863642668
13863598518
13863550057
13863550215
13863639040
13863588687
13863563402
13863609298
13863578511
13863576454
13863616958
13863573988
13863620098
13863550108
13863620777
13863609588
13863609589
13863587226
13863598360
13863619758
13863633296
13863611022
13863590377
13863569839
13863588183
13863601166
13863568226
13863593007
13863542010
13863566163
13863564279
13863615151
13863609276
13863581676
13863610399
13863598665
13863630366
13863610679
13863633918
13863576239
13863542822
13863550602
13863590021
13863598309
13863621963
13863618390
13863566033
13863548362
13863600866
13863588338
13863558969
13863617226
13863550371
13863628561
13863555261
13863550377
13863644035
13863621491
13863569732
13863609536
13863551468
13863608444
13863632687
13863573388
13863613929
13863550026
13863591258
13863587022
13863588115
13863569444
13863561792
13863560580
13863551998
13863316960
13863508616
13863538882
13863534681
13863505867
13863375567
13863538886
13863524885
13863391080
13863289994
13863342033
13863322203
13863511907
13863530120
13863528960
13863337002
13863392618
13863523308
13863500068
13863518666
13863291413
13863275887
13863372067
13863336609
13863493488
13863498659
13863385896
13863316318
13863418787
13863538756
13863383116
13863500183
13863296380
13863358033
13863282579
13863378977
13863500875
13863500635
13863529518
13863330439
13863520025
13863352760
13863287155
13863531559
13863540806
13863389077
13863358976
13863535062
13863523928
13863500885
13863512066
13863352076
13863293298
13863306177
13863309686
13863390466
13863317747
13863367350
13863398501
13863384755
13863320220
13863511828
13863536666
13863279513
13863524838
13863528122
13863338148
13863315666
13863329820
13863371850
13863312712
13863536819
13863516966
13863499787
13863359161
13863526726
13863338386
13863366160
13863538420
13863343939
13863536883
13863346933
13863289018
13863276589
13863511289
13863505561
13863387089
13863371235
13863517790
13863387371
13863538091
13863320032
13863386961
13863349372
13863524131
13863318915
13863531100
13863363162
13863528332
13863316336
13854916778
13854820138
13854583456
13854900350
13854579808
13854914636
13854809639
13854915556
13854911111
13854691338
13854632794
13854860007
13854722595
13854897723
13854603599
13854600400
13854589169
13854922125
13854901393
13854589560
13854912968
13854845487
13854576489
13854576880
13854596091
13854576120
13854585915
13854914897
13854595210
13854595571
13854635611
13854587315
13854591011
13854784876
13854592858
13854813957
13854576799
13854729956
13854905785
13854806066
13854826456
13854692629
13854578335
13854587725
13854595107
13854883096
13854585660
13854784988
13854845300
13854735178
13854576666
13854686598
13854651091
13854588828
13854579682
13854585677
13854867106
13854698157
13854781029
13854811111
13854865566
13854890219
13854835702
13854805592
13854581521
13854576853
13854909641
13854712181
13854578513
13854688128
13854825912
13854605974
13854918585
13854589404
13854845328
13854892119
13854921879
13854922205
13854810815
13854577411
13854612198
13854913001
13854578011
13854822576
13854591211
13854765859
13854663266
13854806661
13854865356
13854825736
13854591587
13854920566
13854700946
13854880100
13854828169
13854637826
13854921817
13854786043
13854609595
13854262656
13854300999
13854299116
13854241609
13854305123
13854309203
13854329609
13854207441
13854320995
13854320999
13854319195
13854319596
13854328511
13854307777
13854309393
13854310819
13854320190
13854253025
13854320205
13854319069
13854329683
13854309945
13854289055
13854329017
13854278138
13854308173
13854236577
13854318777
13854198036
13854308695
13854333199
13854320856
13854225578
13854308601
13854322873
13854312388
13854308162
13854310529
13854310123
13854334851
13854301928
13854310240
13854208798
13854313632
13854338222
13854309646
13854318230
13854309008
13854318234
13854320380
13854328020
13854308272
13854329994
13854257397
13854310631
13854288139
13854309241
13854262463
13854308788
13854288132
13854318586
13854302289
13854325289
13854330117
13854329363
13854210130
13854255882
13854310504
13854325816
13854300777
13854333986
13854305828
13854208000
13854300138
13854271389
13854236810
13854299859
13854290236
13854328364
13854328938
13854333160
13854308889
13854311821
13854323645
13854319499
13854288559
13854338170
13854320771
13854320098
13854302661
13854312865
13854239772
13854333569
13854255507
13854310320
13854271031
13854318203
13854308365
13854308363
13854308880
13905389957
13905413269
13905399991
13905396363
13905398543
13905397333
13905399633
13905396085
13905396366
13905393092
13905391191
13905392798
13905394060
13905390257
13905377613
13905393248
13905391982
13905396510
13905396519
13905390897
13905397728
13905430150
13905390808
13905397167
13905390370
13905396590
13905390092
13905395656
13905393359
13905391617
13905392543
13905391697
13905385335
13905396024
13905398321
13905430363
13905397593
13905395048
13905392973
13905373114
13905396411
13905390710
13905397060
13905397061
13905390828
13905394352
13905381789
13905395043
13905396372
13905391875
13905397219
13905397611
13905391995
13905430127
13905399639
13905389792
13905427871
13905399917
13905423156
13905384861
13905383775
13905392241
13905392120
13905398220
13905399700
13905399425
13905394378
13905386777
13905370506
13905398170
13905398057
13905399783
13905396275
13905399660
13905430111
13905398697
13905430196
13905397880
13905393832
13905390563
13905397995
13905395333
13905430501
13905392506
13905392107
13905398085
13905396707
13905408777
13905377761
13905399853
13905399851
13905373311
13905390750
13905398196
13905397828
13905391205
13905430052
13905392521
13905385311
13905421056
13969455899
13969340750
13969283199
13969392672
13969268532
13969359801
13969269865
13969298044
13969266509
13969383970
13969365506
13969295859
13969286075
13969284298
13969267158
13969291138
13969268889
13969268887
13969351499
13969359655
13969284567
13969359139
13969500270
13969419125
13969283493
13969269128
13969378365
13969295471
13969267857
13969397778
13969269918
13969327171
13969500662
13969357240
13969323808
13969285286
13969269199
13969286256
13969285564
13969362959
13969296206
13969269993
13969268667
13969468707
13969268662
13969277775
13969342436
13969317635
13969285318
13969286803
13969266952
13969352773
13969405270
13969266669
13969286931
13969272777
13969283286
13969278999
13969365262
13969310537
13969456272
13969391151
13969267111
13969426096
13969268966
13969267505
13969466117
13969427229
13969283675
13969500990
13969283956
13969278128
13969268072
13969406306
13969269687
13969351616
13969269328
13969467138
13969299355
13969337459
13969428688
13969385095
13969336888
13969272211
13969286835
13969286039
13969283464
13969286577
13969283100
13969269797
13969267411
13969307757
13969267772
13969266204
13969485889
13969352166
13969500577
13969356920
13969317312
13969401656
13953452914
13953461980
13953448308
13953435915
13953461616
13953451278
13953452128
13953431307
13953449758
13953468099
13953430455
13953433967
13953431662
13953431661
13953426787
13953439619
13953475911
13953463388
13953438127
13953429621
13953433113
13953468957
13953440689
13953456850
13953453517
13953448398
13953430085
13953448671
13953433586
13953426123
13953438998
13953459857
13953460958
13953438995
13953429917
13953452770
13953452777
13953443266
13953452656
13953449521
13953476628
13953473517
13953431117
13953456632
13953426177
13953430385
13953456510
13953466958
13953451231
13953443456
13953443210
13953453539
13953435825
13953456928
13953428520
13953434332
13953426068
13953457571
13953440209
13953438012
13953431181
13953471599
13953469286
13953448856
13953434008
13953426033
13953463344
13953432468
13953455966
13953468238
13953467668
13953458679
13953461603
13953464835
13953465648
13953441858
13953451095
13953453555
13953425345
13953469208
13953427766
13953449616
13953472577
13953436419
13953426286
13953458208
13953468008
13953459816
13953438796
13953431002
13953456664
13953439366
13953455693
13953443588
13953425237
13953443066
13953439083
13953429837
13953448875
13964673993
13964938147
13964792909
13964798725
13964698999
13964771300
13964651618
13964696611
13964765838
13964965589
13964658778
13964897210
13964691717
13964658000
13964717707
13964718006
13964799766
13964781996
13964649655
13964922517
13964889161
13964886690
13964719282
13964709087
13964662983
13964870300
13964739693
13964982918
13964712922
13964677654
13964821526
13964693922
13964631809
13964949525
13964646097
13964738971
13964652893
13964659967
13964791568
13964848558
13964678188
13964620777
13964650107
13964966780
13964944007
13964689801
13964732919
13964712230
13964931550
13964659663
13964775826
13964651661
13964934388
13964875000
13964673797
13964640010
13964667673
13964720368
13964723516
13964851695
13964619966
13964763299
13964712058
13964619793
13964776761
13964872888
13964662926
13964765099
13964772216
13964710026
13964730770
13964668901
13964650832
13964727374
13964798862
13964783989
13964989355
13964691819
13964830310
13964654518
13964656776
13964662257
13964823981
13964977920
13964868010
13964843988
13964905916
13964659077
13964780488
13964720333
13964650419
13964773672
13964636876
13964662122
13964794003
13964767267
13953005911
13953006283
13953002919
13953007715
13953006180
13953008801
13953003591
13953005925
13953006218
13953001591
13953003252
13953003136
13953006363
13953005789
13953008958
13963897068
13964044498
13964080711
13963988299
13964172195
13963897866
13964017180
13963969313
13963979981
13964002815
13963937180
13963909615
13964093611
13963913953
13963938036
13964135012
13963899632
13964177777
13964080688
13964157005
13964028876
13964068058
13963917504
13963997267
13964202213
13964119968
13963928925
13963941619
13964119686
13963898385
13963958606
13963899667
13963954768
13964119195
13964171997
13964059245
13964034443
13964005216
13964167817
13963964792
13964169446
13964054344
13964092977
13963931191
13964036110
13964119506
13963963588
13963985651
13964061679
13964169328
13963897232
13964080511
13963910007
13963976838
13964031703
13963959955
13963918880
13963999137
13964185979
13964165234
13964089164
13964121299
13964086863
13963983363
13964141323
13963910365
13964176886
13964082825
13964198478
13963899951
13964197021
13964021888
13963926256
13963966751
13964179599
13964137999
13963958170
13963969988
13963997188
13964033063
13964099980
13963909522
13964178996
13964178111
13964181116
13963926008
13964122564
13964068313
13963905559
13964033552
13964068316
13964059557
13963991187
13964178366
13964169244
13964169762
13964083382
13964201981
13964166377
13954959963
13954912791
13954922506
13954952136
13954913883
13954921816
13954927999
13954944356
13954967588
13954917725
13954956173
13954914615
13954969191
13954951671
13954952006
13954911452
13954922752
13954944222
13954928618
13954928332
13954915018
13954961999
13954951582
13954915006
13954952833
13954950534
13954919201
13954941111
13954941110
13954962510
13954927732
13954967129
13954930903
13954911169
13954936295
13954950883
13954933976
13954951059
13954927626
13954922733
13954927508
13954925288
13954910900
13954959458
13954952261
13954935177
13954915188
13954970142
13954913840
13954951766
13954900370
13954902958
13954927550
13954927678
13954960077
13954912913
13954937635
13954955683
13954906870
13954918965
13954903085
13954917111
13954950662
13954900766
13954900004
13954968861
13954943881
13954964666
13954966448
13954912225
13954928770
13954916708
13954911000
13954937172
13954922367
13954911080
13954950979
13954969988
13954943698
13954945267
13954945140
13954927656
13954933139
13954917869
13954930660
13954956543
13954958561
13954911078
13954955219
13954902525
13954950968
13954963510
13954939809
13954962028
13954919519
13954932856
13954936139
13954908226
13954955299
13954348318
13954309700
13954349806
13954351166
13954349922
13954353227
13954319986
13954318417
13954310097
13954309420
13954343937
13954348549
13954307478
13954323566
13954320178
13954310642
13954352761
13954344062
13954316069
13954332310
13954335385
13954339988
13954338536
13954324700
13954345307
13954305886
13954306219
13954320227
13954305009
13954350971
13954339871
13954347568
13954349988
13954318150
13954337738
13954318833
13954330943
13954349185
13954308591
13954307386
13954320234
13954338032
13954320876
13954319190
13954319598
13954320755
13954350563
13954318020
13954350717
13954349177
13954318700
13954320869
13954310020
13954320764
13954320883
13954320368
13954307444
13954349608
13954328006
13954319144
13954350154
13954342530
13954328807
13954320001
13954328926
13954350556
13954320519
13954308370
13954348626
13954344542
13954337598
13954318289
13954318602
13954350416
13954330612
13954310963
13954333606
13954310448
13954354227
13954310328
13954320806
13954335068
13954335346
13954349706
13954348616
13954337097
13954350802
13954342472
13954330468
13954330866
13954346661
13954330984
13954309004
13954308706
13954328156
13954318868
13954330355
13954330505
13954328034
13954333860
13963338030
13963528821
13963538066
13963541180
13963514836
13963511568
13963295288
13963526082
13963310445
13963334000
13963555861
13963508965
13963321613
13963541196
13963330288
13963541231
13963519577
13963538219
13963534657
13963555515
13963383331
13963347719
13963520090
13963550187
13963547868
13963284656
13963527518
13963500259
13963500138
13963354688
13963550996
13963535656
13963515069
13963385209
13963546650
13963535258
13963360444
13963518181
13963335466
13963501517
13963392551
13963513333
13963542222
13963549896
13963509919
13963530991
13963415109
13963339711
13963502897
13963379941
13963528624
13963286896
13963526208
13963322855
13963538662
13963553801
13963344470
13963287582
13963329000
13963512698
13963535559
13963547363
13963283818
13963530300
13963526288
13963321538
13963315240
13963505811
13963407863
13963326029
13963518208
13963546726
13963307628
13963514005
13963553536
13963550825
13963555035
13963305289
13963542256
13963500456
13963399951
13963550679
13963369735
13963303967
13963526462
13963509552
13963523500
13963558166
13963331754
13963546909
13963308216
13963551899
13963535321
13963511111
13963291765
13963346688
13963500580
13963528112
13963549972
13963554488
13969957221
13969972963
13969978822
13969966179
13969988903
13969966612
13969958279
13969986725
13969988988
13969961962
13969991198
13969977201
13969980329
13969991591
13969970099
13969982233
13969975817
13969959936
13969960127
13969983960
13969959257
13969981021
13969979581
13969977758
13969981056
13969988886
13969988088
13969968336
13969972739
13969984161
13969988767
13969960298
13969958021
13969974074
13969987938
13969987381
13969980077
13969985881
13969960187
13969963333
13969957979
13969988595
13969963579
13969977180
13969961799
13969989968
13969992233
13969983806
13969988819
13969976721
13969977655
13969969002
13969970069
13969988820
13969967588
13969966018
13969967506
13969961882
13969967901
13969989759
13969959201
13969992001
13969982829
13969972110
13969959296
13969983639
13969971786
13969975986
13969968167
13969961099
13969969656
13969991669
13969980654
13969991700
13969983887
13969968605
13969979575
13969978001
13969970005
13969980318
13969961185
13969966752
13969969866
13969988968
13969967569
13969985736
13969979290
13969961900
13969958852
13969987996
13969992925
13969979287
13969973069
13969992141
13969988831
13969987345
13969988033
13969963897
13969963776
13969988836
13953899346
13953896112
13953673901
13953672536
13953889030
13953718879
13953760810
13953900230
13953757651
13953900355
13953671681
13953777645
13953751795
13953767041
13953665977
13953822538
13953663555
13953833380
13953739966
13953696711
13953901568
13953661918
13953718345
13953752375
13953901164
13953891902
13953810189
13953899078
13953658110
13953801767
13953693559
13953659757
13953678418
13953868929
13953749375
13953868249
13953662888
13953888649
13953665638
13953660101
13953660186
13953692730
13953787300
13953699245
13953810240
13953670260
13953900202
13953900049
13953900603
13953862092
13953661261
13953673808
13953851872
13953728328
13953695159
13953895465
13953699117
13953684949
13953880021
13953809141
13953777687
13953670307
13953693809
13953709187
13953766548
13953713533
13953900660
13953822858
13953778369
13953702838
13953738390
13953900701
13953855536
13953660196
13953726727
13953822722
13953696988
13953901619
13953867632
13953890079
13953867238
13953850617
13953850618
13953776611
13953900657
13953761915
13953901450
13953661517
13953900418
13953675753
13953673299
13953727719
13953900525
13953866095
13953720525
13953685836
13953900409
13953804281
13953681196
13953900806
13953485012
13953507206
13953486067
13953505701
13953497908
13953480366
13953509461
13953510575
13953485088
13953505782
13953508814
13953513276
13953516663
13953480987
13953491001
13953511499
13953479833
13953510606
13953511818
13953495962
13953510725
13953486686
13953485197
13953489555
13953511162
13953511560
13953486687
13953480069
13953486325
13953485875
13953486326
13953478079
13953480739
13953511961
13953504190
13953506890
13953510517
13953479849
13953502175
13953495316
13953506888
13953503257
13953501517
13953485506
13953480330
13953495264
13953498012
13953512405
13953478920
13953485333
13953501822
13953486022
13953498918
13953485458
13953485855
13953486826
13953485698
13953492543
13953506150
13953481889
13953479903
13953511509
13953477568
13953499618
13953510779
13953505585
13953486498
13953493231
13953505733
13953509373
13953511972
13953483666
13953479110
13953495882
13953479992
13953511970
13953478269
13953499606
13953501010
13953495245
13953503223
13953478395
13953489633
13953479089
13953477588
13953479003
13953507027
13953480779
13953502375
13953485144
13953486196
13953486198
13953503338
13953486911
13953511116
13953478686
13953501959
13953478726
13953499828
13953510668
13963006984
13963051595
13963081777
13963076878
13963029844
13963008777
13963000082
13963056778
13963076107
13963085050
13963051518
13963011020
13963005638
13963054368
13963019234
13963072888
13963003691
13963086136
13963076287
13963022945
13963058456
13963003465
13963015283
13963076845
13963077929
13963018798
13963036025
13963069106
13963029805
13963028838
13963001815
13963000603
13963079702
13963078977
13963003555
13963010888
13963091527
13963062688
13963023818
13963015263
13963005347
13963076302
13963011109
13963083236
13963006487
13963057555
13963055533
13963001111
13963002169
13963069537
13963018590
13963025857
13963070416
13963005289
13963078305
13963066711
13963091515
13963065866
13963018758
13869280385
13869262450
13869253469
13869262176
13869272403
13869233484
13869299673
13869277665
13869264866
13869233122
13869232555
13869234838
13869260021
13869245623
13869270698
13869245469
13869296059
13869290068
13869238122
13869290348
13869341182
13869252158
13869234681
13869238007
13869235534
13869238887
13869233631
13869280086
13869272476
13869300215
13869237587
13869339499
13869239886
13869304928
13869239889
13869232298
13869239806
13869231109
13869272979
13869269607
13869300188
13869236645
13869239479
13869311198
13869343501
13869280521
13869255686
13869278287
13869278166
13869278561
13869232108
13869275678
13869248000
13869271234
13869290011
13869314634
13869331507
13869230299
13869286959
13869291622
13869256666
13869235345
13869235989
13869233829
13869280231
13869286690
13869328574
13869233670
13869238040
13869272322
13869235171
13869275555
13869239379
13869235696
13869235699
13869233399
13869281036
13869272827
13869276352
13869277568
13869264888
13869337431
13869253333
13869234157
13869290912
13869300268
13869271726
13869248272
13869306882
13869278123
13869311679
13869299102
13869235232
13869239799
13869280963
13869234823
13869233338
13869278001
13869235513
13864150883
13863969456
13864079119
13864375039
13864218996
13863954529
13864075314
13864309460
13864273687
13864219049
13863998712
13864166423
13863992577
13864283988
13864272593
13864008009
13864180282
13863980889
13864070033
13864178088
13863995610
13864169801
13864128978
13864229917
13864121263
13864288929
13864062882
13864092657
13864066567
13864168555
13864230929
13863967098
13864022603
13864213888
13863985626
13864187886
13864352712
13863980608
13864331115
13864126663
13864261837
13864088449
13864360216
13863961712
13864149923
13864008031
13863989426
13864087519
13864110635
13864052301
13864219218
13864182119
13864277977
13863973890
13864308203
13863971346
13864098056
13864154642
13864093684
13864375593
13864261303
13864099308
13864250935
13864155690
13864346410
13864076717
13863954045
13864234756
13864245367
13864358247
13864020614
13864376550
13864094003
13864186865
13864309790
13863971561
13864017831
13864066088
13864094755
13864013993
13864134599
13863972519
13864036769
13864129054
13864349460
13864134509
13864076033
13864375405
13864097658
13864356209
13864212050
13864043196
13864292259
13864266919
13863997018
13863959269
13864299568
13864228648
13863994545
13863957086
13863871399
13863870068
13863899308
13863895588
13863873211
13863889192
13863877096
13863890178
13863883933
13863933563
13863895975
13863875197
13863895578
13863897998
13863871687
13863931555
13863904123
13863897519
13863880035
13863885201
13863880958
13863877021
13863885847
13863882738
13863878112
13863899406
13863905020
13863948790
13863892858
13863903126
13863902834
13863905709
13863873196
13863870084
13863881899
13863899880
13863870373
13863890549
13863939061
13863877849
13863926778
13863923266
13863899918
13863889826
13863918083
13863889309
13863869020
13863897173
13863899873
13863936519
13863878789
13863889150
13863871759
13863923576
13863889670
13863885353
13863877739
13863894617
13863890891
13863889277
13863888225
13863881159
13863871909
13863881155
13863877623
13863892309
13863913925
13863875605
13863927520
13863889962
13863882012
13863921666
13863899210
13863915789
13863877983
13863893869
13863870683
13863885098
13863905465
13863902232
13863931009
13863904655
13863871898
13863899169
13863897263
13863885418
13863876678
13863877126
13863895753
13863940001
13863897654
13863880806
13863871828
13863869745
13863899719
13863889745
13863889908
13863872350
13863940800
13863880898
13953562528
13953528800
13953565915
13953541962
13953545366
13953528927
13953566722
13953542651
13953518698
13953562918
13953548472
13953528812
13953555689
13953539662
13953518321
13953571126
13953543058
13953536955
13953555955
13953531789
13953550301
13953568351
13953556001
13953528257
13953527857
13953521235
13953563677
13953525797
13953525311
13953527579
13953521198
13953573629
13953552835
13953573118
13953531439
13953551105
13953568859
13953541536
13953525688
13953529007
13953570099
13953568973
13953536175
13953560295
13953569261
13953553635
13953572309
13953517776
13953570928
13953551611
13953552426
13953550000
13953552491
13953535803
13953570063
13953528208
13953519981
13953533511
13953545680
13953530408
13953528200
13953548822
13953529700
13953529946
13953571203
13953552519
13953555911
13953546241
13953533122
13953567581
13953529787
13953563819
13953568769
13953542319
13953571775
13953572229
13953525639
13953546757
13953551789
13953569331
13953517627
13953556035
13953557766
13953553201
13953561729
13953553288
13953573160
13953528513
13953528911
13953528116
13953538156
13953566755
13953521966
13953565386
13953521601
13953573716
13953519479
13953517617
13953573168
13953530311
13953417946
13953225650
13953419969
13953422691
13953262882
13953407079
13953326398
13953374276
13953349266
13953348179
13953421888
13953421886
13953257507
13953421881
13953425205
13953425207
13953413758
13953416108
13953293890
13953302651
13953412026
13953412700
13953413070
13953419293
13953298305
13953409800
13953372913
13953406816
13953424646
13953205553
13953350220
13953337781
13953377201
13953280318
13953316261
13953221757
13953396184
13953200995
13953238060
13953412358
13953377723
13953403652
13953239558
13953400023
13953278591
13953334302
13953413213
13953403086
13953373352
13953256601
13953421117
13953236799
13953420820
13953406599
13953418222
13953255598
13953268667
13953411000
13953417907
13953403998
13953353831
13953411082
13953239851
13953284728
13953387825
13953421049
13953237958
13953263760
13953387094
13953278613
13953402018
13953414085
13953254567
13953422665
13953316851
13953401449
13953260802
13953383999
13953246717
13953414699
13953378218
13953239595
13953377248
13953298795
13953348879
13953219193
13953258532
13953261207
13953406150
13953360581
13953419919
13953413899
13953354756
13953253929
13953276537
13953362895
13953400618
13953400059
13953286619
13953249393
